434.37
173.17
438.85
171.72
440.25
162.57
440.59
229.59
219.95
307.05
193.29
145.8
261.29
413.17
269.15
428.35
420.23
346.05
419.07
408.98
343.03
145.92
211.46
258.75
421.03
225.5
225.11
279.01
205.35
408.74
318.96
329.64
325.07
210.75
273.36
279.45
339.25
155.43
406.27
333.61
150.67
221.32
279.16
357.89
138.52
149.34
431.01
205.23
357.52
303.98
411.8
380.96
187.22
417.46
378.86
347.74
425.62
320.3
143.44
419.6
146.82
282.83
292.83
199.85
422.15
367.67
312.08
414.01
431.6
430.4
303.49
329.89
151.86
438.02
279.17
396.83
168.27
341.32
333.4
255.0
282.59
277.13
276.13
173.56
337.78
425.25
204.79
294.98
199.1
293.42
218.01
302.95
394.26
199.02
325.0
352.17
350.14
234.63
367.12
329.49
739.08
1499.28
791.3
1675.48
1266.59
588.08
1362.4
1477.83
733.52
1336.33
681.82
1445.94
1494.71
1520.74
1550.82
1421.91
800.77
672.46
1259.29
700.21
1645.48
1573.81
855.26
1144.11
721.77
1591.17
708.65
726.55
566.04
802.66
1437.44
950.58
993.75
852.03
1340.18
705.13
1109.48
1424.23
1433.19
855.38
700.12
1033.91
1138.79
810.12
1001.01
1421.45
1588.33
1544.05
860.41
1423.4
861.49
1524.49
1048.79
1453.84
1297.3
945.22
1199.35
1213.16
737.11
669.26
1336.43
580.63
1100.22
866.68
1448.72
1392.6
672.81
675.1
1647.13
505.69
666.69
893.65
790.52
1126.12
1258.37
1403.09
1541.41
708.63
627.19
734.63
1498.2
1229.21
999.23
1661.48
1027.34
1001.44
759.44
865.3
874.28
1454.36
1481.28
1297.08
920.47
572.93
520.01
1133.31
974.58
643.19
662.86
849.16
1951.05
1582.79
1601.13
1025.6
1517.52
2038.19
1100.86
972.47
1247.74
1696.95
1622.63
1415.08
1547.88
1092.97
1784.31
1724.46
1605.66
1196.4
1791.6
1598.91
1094.37
1303.47
1983.36
1742.97
1794.22
1364.12
1355.08
1817.44
1036.92
1665.29
678.44
1631.81
1029.67
1630.56
1040.93
1815.25
1096.45
1742.58
1683.08
1560.07
1123.93
1512.62
758.84
1690.52
1734.63
1813.97
1891.6
1810.28
1656.02
1815.67
1342.91
1264.8
1853.61
1570.83
1906.75
1082.39
1547.24
916.33
1549.84
1201.05
1559.19
1743.18
1857.4
1305.17
1641.89
1768.92
1738.07
1309.94
1408.14
1936.95
1703.06
1794.74
1608.14
1186.53
983.59
928.61
1850.82
1413.15
1669.33
900.59
1968.98
1189.97
1521.38
1975.64
1663.55
1857.18
1854.1
1144.28
1692.49
1207.33
1912.64
1870.12
1980.27
1982.19
1019.8
1509.5
992.33
1892.74
1716.3
1725.93
1344.0
992.26
1342.2
869.62
1378.6
802.94
962.94
1429.82
1423.75
1566.89
1046.43
1291.69
1160.35
1210.93
1228.07
899.1
1024.05
582.29
1103.34
1028.18
1513.04
846.51
775.13
1444.9
1522.7
1118.24
1241.52
1601.88
1130.21
968.63
539.52
583.75
627.87
1787.44
1375.34
809.03
733.72
570.53
974.31
1058.66
665.36
867.39
1339.53
1332.72
937.86
1019.62
1380.4
571.79
971.38
1126.49
1689.84
1053.89
636.8
1120.06
580.73
696.51
1366.97
1467.32
582.18
662.98
717.17
1108.41
1783.21
1431.02
559.94
1615.44
1507.95
816.44
690.91
1144.0
996.86
1073.77
1472.83
1362.16
1404.18
1053.75
1399.47
600.2
747.72
1227.36
766.14
1005.37
1335.04
505.14
1311.48
721.09
1780.8
466.75
827.77
1385.37
653.66
985.34
661.82
1373.43
1728.48
1100.4
1412.65
856.8
1109.6
1644.24
1004.19
636.28
902.97
1162.53
796.84
567.84
904.11
900.15
590.9
1256.17
653.4
1079.11
754.81
981.59
760.18
577.56
1275.09
554.9
1399.29
514.09
1043.53
559.48
765.18
871.14
717.58
772.32
1245.24
810.32
499.0
1375.48
509.05
743.53
1053.62
1044.68
642.2
1560.19
866.05
895.89
744.65
950.48
1013.95
890.22
560.48
664.06
563.16
1126.96
538.85
942.47
1181.24
652.48
334.43
320.33
378.5
731.68
1182.66
602.12
890.9
724.49
447.79
764.62
897.62
840.83
796.81
731.51
1299.27
515.71
944.77
1125.02
1204.64
311.63
723.78
957.79
1163.39
1053.09
709.14
819.51
1075.38
1126.43
930.97
421.44
575.23
668.17
315.52
349.2
839.78
656.53
1261.32
824.68
712.93
1154.92
482.29
532.83
473.37
783.34
432.93
322.33
1061.69
844.47
844.97
708.41
928.47
813.04
605.07
276.08
981.91
270.42
773.82
579.99
820.26
555.17
788.92
697.71
567.76
420.87
294.56
757.77
733.81
1271.79
797.72
465.24
987.14
764.19
1247.25
421.43
617.17
423.31
582.26
797.1
924.51
369.91
582.37
881.23
825.95
630.72
342.28
807.84
986.57
347.33
1098.65
575.65
879.75
1007.98
780.25
306.35
459.59
405.53
1192.81
1137.83
417.25
778.72
1350.83
1043.29
1239.9
1393.42
1111.46
523.72
696.41
703.27
1043.97
1310.47
777.26
1345.08
889.76
667.06
1310.25
710.12
659.73
564.95
877.73
1331.62
610.06
612.97
804.74
1494.73
1175.03
718.57
1425.95
696.62
1247.62
628.59
660.76
1027.87
584.91
575.11
764.15
1379.39
1317.25
939.48
1015.26
1217.57
1477.22
903.34
1069.7
1515.26
752.21
1349.04
1355.77
1196.7
790.42
1223.16
1404.1
698.45
1532.06
1318.18
548.68
1287.58
776.5
600.57
722.85
1389.66
819.53
1103.43
1049.61
1479.04
1297.68
777.03
987.15
1271.16
1357.5
658.47
1494.38
503.81
1306.59
517.0
846.16
1250.98
1321.11
667.3
1479.73
909.25
798.81
685.53
732.3
1390.07
845.23
646.0
1443.74
1332.79
757.4
1477.87
547.38
1033.72
694.01
947.42
972.87
1092.14
636.34
1234.05
1386.71
689.92
1786.74
1866.21
1963.86
1825.48
1811.36
1985.29
1923.64
1878.2
1887.25
1847.9
1973.12
1886.4
1808.34
1867.51
1901.73
1957.14
1856.1
1925.57
1875.35
1876.59
1824.51
1819.51
1835.09
1828.2
1920.47
1825.49
1843.23
1969.28
1728.54
1927.92
1884.28
1877.64
1879.78
1873.01
1911.37
1849.58
1761.59
1978.76
1933.88
1731.57
1837.94
1989.69
1863.93
1824.73
1829.49
1956.73
1782.45
1846.48
2033.22
2001.56
1784.88
1906.84
1848.98
1807.84
2002.27
1844.23
1835.08
1891.66
1832.16
1838.99
1823.72
1792.34
1803.58
1873.95
1834.79
1881.2
1871.53
1796.91
1993.21
1768.4
2041.38
1855.66
1805.23
1864.13
1873.53
1988.4
1766.76
1911.37
1938.88
1825.46
1917.29
1760.82
1857.54
1931.57
1803.81
1796.76
1923.49
1776.74
1818.33
1922.54
1779.06
1905.42
2008.01
1825.29
1948.88
1866.67
1942.56
1871.04
1771.56
1874.77
1314.47
1150.84
930.64
1819.72
1423.73
820.9
1255.67
1365.64
640.35
1233.7
2102.19
1557.04
1845.56
1932.17
1473.83
2038.41
1706.75
1742.23
1705.99
1496.14
1384.25
2084.34
1753.95
1842.7
1576.32
1427.44
1524.29
793.65
1891.73
1511.99
1699.28
1486.71
1842.48
1065.87
1584.84
2012.02
664.22
1835.97
1626.22
440.4
1950.14
1926.92
1131.71
654.46
1320.97
1739.94
1858.85
718.86
1658.4
1365.24
1522.9
1374.37
1231.42
2065.64
1556.24
957.88
1493.84
1813.11
1369.15
1871.07
1351.09
1026.39
573.97
180.5
1386.52
1282.5
1260.81
1951.44
1321.14
822.33
1547.43
1336.88
1436.53
509.47
1467.19
1601.9
1523.49
1651.97
659.91
1574.23
1121.15
974.54
1450.6
1792.17
508.04
1727.82
1391.82
1825.95
973.59
1697.27
2062.85
797.79
1345.53
1393.96
1479.14
1641.99
1825.0
1288.53
1002.16
1148.09
1521.65
1774.92
1653.9
1717.91
1820.44
1820.17
1786.92
1775.59
1323.74
1736.45
1416.78
1178.1
1013.9
1481.84
1363.03
1279.77
1567.64
1429.43
1427.45
1674.4
970.97
1587.15
1740.76
1159.33
1247.32
2036.38
1041.37
1679.29
1559.16
1856.31
460.38
1446.53
1368.89
1059.32
579.51
1435.53
1126.85
1140.79
1770.72
1268.37
788.22
1380.94
831.28
1852.77
1042.91
1941.12
1972.7
1099.61
832.63
1718.48
1621.56
1573.47
1980.28
2043.42
1549.55
662.67
1526.14
721.11
1258.2
1829.93
1773.72
801.46
579.89
1361.51
1636.53
1091.92
766.58
1612.67
1579.83
2002.18
1803.95
1855.13
943.23
1974.56
1363.85
1398.02
1730.8
1963.31
1595.92
1729.81
944.1
1827.52
1917.97
1603.08
1598.97
1473.99
571.45
985.3
787.55
1483.13
1990.69
1876.45
1442.35
1374.71
1080.13
1522.06
1780.14
1784.34
1309.22
1709.93
1479.72
1385.77
1842.75
1535.33
999.1
1671.01
1405.19
1579.53
1540.64
1994.2
1523.33
1616.09
1721.26
1478.39
1676.7
2124.0
1845.78
2028.46
1575.83
1032.76
1030.39
2125.67
1861.54
1952.17
1335.14
1629.29
798.64
533.87
1490.6
1655.01
1238.23
1063.3
1261.1
1860.22
1875.7
1612.08
1839.64
2038.82
2035.61
1796.2
1561.8
1551.6
1804.8
1466.35
2021.71
1611.3
1314.43
1832.02
1739.21
1812.06
650.21
729.49
1985.24
1609.34
1722.07
2048.25
1518.32
1892.55
1563.15
1972.08
1197.15
1783.52
741.11
1607.27
1647.37
1649.1
1278.61
1528.82
984.36
1844.86
1620.11
882.95
1492.79
1794.38
758.95
1311.14
1664.53
1877.79
1909.47
1373.93
885.91
1005.62
917.88
1473.75
1353.85
784.97
1744.91
1049.82
1154.17
1719.77
1476.12
919.28
1746.9
1321.57
1111.77
1555.37
622.11
1370.49
1186.31
1708.77
746.58
1352.35
894.86
1887.04
1364.62
1486.46
1708.63
1678.13
854.38
1865.88
1720.62
1028.18
1041.26
1606.34
1581.38
1228.51
1728.3
1812.45
1634.21
1574.08
1436.0
1793.44
707.14
1470.62
1349.0
1614.49
1224.65
1584.5
1790.64
1007.84
1496.08
1182.19
1762.28
1668.95
1400.41
565.97
1218.66
1967.11
1637.03
822.23
1827.61
1338.4
1246.25
1726.88
1499.48
1360.04
500.86
1020.67
1776.28
1727.14
1001.67
1026.68
1876.26
1150.79
1490.02
1700.53
1718.31
1435.43
855.83
1785.63
1696.3
1830.41
1777.16
1377.39
1521.39
1684.5
1868.09
744.77
1659.58
1672.91
1544.87
1488.73
1821.02
757.22
1633.23
1406.84
1820.83
1933.34
1649.11
1592.85
1495.15
1883.05
1669.27
1008.77
1007.29
1289.52
1248.7
1473.07
1764.93
2006.48
1549.22
1127.13
1184.37
1110.57
1490.66
1354.23
1823.94
1881.16
1754.48
1256.67
1711.73
1688.92
277.21
2069.93
1339.47
1702.44
1640.3
1745.97
1887.77
909.28
592.24
1151.25
696.7
1888.35
1710.88
1930.83
506.72
1379.63
1653.62
1590.15
1622.02
1507.61
1224.06
1795.42
1026.64
1696.08
1644.15
1477.29
1887.61
1709.12
694.06
1671.9
601.24
1644.17
1833.07
1777.95
782.89
1537.84
1218.26
928.78
1733.12
894.44
1621.45
1682.8
1661.76
1973.99
1771.34
1502.38
1179.76
1172.79
1742.15
1211.91
1580.9
1487.07
740.14
1110.59
1271.64
1017.94
1832.24
1272.71
1993.81
443.24
1802.48
1481.53
1779.96
1732.16
394.27
885.39
1817.01
567.55
1035.92
1445.38
1515.79
1740.8
1397.74
1765.28
1347.91
1694.96
825.61
1598.44
1405.38
1104.53
1477.16
1580.64
1631.38
505.1
1018.44
747.57
1352.37
1497.09
1003.92
1170.56
825.32
1137.83
1185.92
1542.67
1946.22
1977.12
1870.59
1375.36
1974.87
1809.57
1005.95
1255.25
794.3
1050.56
1570.02
1233.02
1755.04
1843.43
1566.87
764.43
1634.58
1215.04
1614.03
1735.58
1957.17
1235.62
1734.2
784.0
1634.16
1289.41
1087.23
1658.96
1412.87
1614.55
1857.44
910.38
1282.77
1577.42
702.16
1592.47
1319.59
861.56
1819.52
1474.26
2066.33
1163.77
518.58
1032.6
1484.31
1914.83
1732.69
1789.98
1441.25
1467.41
1594.1
1608.91
1405.14
1442.58
1880.57
1338.43
1614.84
1408.39
1680.11
1784.96
1861.0
1857.27
1284.43
1026.16
1009.89
1406.78
1507.85
932.48
1801.01
1514.82
837.95
1585.33
1849.91
1421.32
1119.16
1049.33
1427.07
1244.14
799.37
1387.46
847.29
1439.76
1298.06
1267.94
1637.53
985.72
1322.57
1220.17
1157.22
1459.78
1742.94
762.71
1713.24
1192.61
506.14
1366.35
923.65
1435.51
1095.6
1661.75
1315.58
1418.35
1271.08
1708.13
1035.8
1547.86
1163.5
1634.42
1936.74
2041.44
1701.27
1103.9
566.22
1821.21
1545.24
1499.33
1369.71
1627.5
1891.33
1578.53
1426.89
1446.77
1048.0
2019.78
1796.89
1886.78
1306.65
1414.93
1569.64
1608.66
1495.18
713.23
1787.52
1429.61
1870.87
1361.31
983.8
1949.73
1723.04
1351.85
1936.14
1520.54
1574.87
731.14
1451.86
2101.43
1461.28
1647.09
1922.36
1680.23
1529.77
1884.45
1539.44
1563.2
1467.99
1433.81
1604.33
2053.78
901.6
747.92
1828.3
1429.13
1304.7
456.24
1395.74
791.71
931.52
1903.94
915.65
1573.05
1686.87
1800.18
1370.24
1857.17
1314.98
1044.58
1598.65
1877.63
1466.74
1711.64
1612.64
1394.55
862.06
1653.24
1575.08
1289.4
1455.05
1699.82
1530.11
1247.33
1692.24
1497.39
1557.96
1797.14
1100.56
1863.98
1526.28
1841.49
986.99
1940.44
1633.4
1965.15
1294.64
1131.62
1888.27
1801.49
1452.33
932.07
1341.6
1878.06
1537.47
1656.33
1460.02
424.42
1624.02
1051.52
1348.87
1295.78
2114.24
1309.18
1372.86
1733.13
1046.46
626.66
1414.26
1407.25
1360.84
1526.11
1034.45
1088.76
1510.55
1523.61
1556.0
1327.02
1891.17
1546.24
1244.9
990.98
1592.82
1774.47
1665.03
1362.65
1469.2
732.46
1506.31
988.11
730.88
1319.29
1645.18
1587.08
1841.99
1299.28
1694.56
917.76
1598.73
1881.79
1140.25
1957.9
1306.93
1867.36
634.25
579.88
1588.49
1081.12
1759.48
1192.09
1843.56
1614.8
1404.47
1699.99
1172.13
907.51
1799.07
1751.55
619.53
1224.02
737.8
1129.81
864.98
1444.17
1548.86
1462.79
1803.72
652.65
825.35
534.42
1304.96
1094.84
1527.0
968.42
2113.42
1567.88
303.67
1460.11
1280.6
659.36
1221.81
1475.33
916.1
1854.31
1801.84
1813.68
868.82
429.87
1431.06
1109.93
1555.68
1514.75
1130.75
1658.2
428.75
589.46
1719.7
1759.74
765.61
833.26
1175.46
1445.23
1507.79
1418.05
1787.34
416.33
1343.46
807.64
1559.48
1627.82
1799.15
1634.57
1578.22
1873.2
1447.38
1918.85
1258.55
1594.67
964.43
1520.12
1319.98
770.48
1534.23
1576.57
1559.96
1759.01
1486.74
1634.9
1458.03
1062.21
1386.93
1210.4
911.52
1706.71
1604.51
1508.37
1314.39
2061.67
1782.59
1749.65
456.63
1217.61
1214.24
2046.58
1520.62
1054.81
1476.34
939.96
1917.38
1664.94
2065.32
1655.16
1415.24
940.41
1990.98
1712.77
491.71
1334.09
903.32
1361.95
1637.69
1427.92
1470.06
1748.64
1442.46
1934.26
1317.54
1117.5
1482.29
1679.46
844.49
1443.34
1574.2
1002.36
556.31
805.27
1325.66
1190.71
1653.27
1032.95
1714.14
1725.0
678.93
1562.58
1449.69
1468.85
1341.49
1362.84
1708.4
1551.51
1899.42
2080.04
1819.87
1630.51
1380.6
1130.72
1484.68
1424.84
1666.14
1704.69
477.84
1783.77
1926.24
1845.51
1680.71
1328.15
1378.93
1143.09
1230.69
1774.75
685.36
361.87
1022.42
583.1
1281.28
1031.86
925.42
617.34
867.38
1609.85
1393.08
645.33
1139.93
1739.28
869.97
1920.44
1886.12
1504.26
1658.84
450.29
1450.19
1463.49
881.54
1284.4
1414.13
1253.84
1857.89
1313.23
1486.36
693.62
2084.25
1262.81
2004.09
1041.41
1394.29
1288.42
1645.09
698.76
1346.59
480.4
1368.52
1761.64
1894.1
541.7
1776.72
670.81
1049.5
1040.0
1244.05
1644.13
1350.52
1517.07
1634.57
916.76
670.03
1154.34
1894.42
1825.21
1127.68
1940.54
1860.57
1667.3
985.67
1485.02
1547.9
763.42
1591.18
1217.6
1659.9
1357.05
1457.64
1729.38
1498.44
1441.67
1692.56
1925.17
1604.41
1442.42
1231.62
1527.9
1794.53
1032.49
1719.96
1117.23
884.9
1784.31
1586.66
1890.93
1066.7
1056.86
1123.99
1134.48
1777.03
1262.86
1960.66
562.6
1382.94
1545.08
1334.93
1462.07
1732.07
1936.5
1511.65
1254.28
1292.75
1756.33
1860.38
420.27
1856.76
778.74
883.03
1798.74
959.25
1504.81
477.55
1798.02
1579.16
1888.37
1994.43
1339.7
1613.27
1560.08
1997.04
1651.35
1438.33
846.73
859.77
1571.36
776.12
1745.45
1431.82
1369.65
2101.21
1609.37
1670.91
1589.55
1118.18
1719.28
1667.16
1846.12
588.7
965.97
938.02
1584.42
1765.96
1767.01
1513.32
1907.32
1666.13
1484.11
1548.86
1681.32
1574.51
1901.51
940.08
1306.87
941.1
1773.86
1660.01
1697.84
624.98
1371.03
830.39
1233.94
1275.58
1222.14
507.0
1444.95
1397.68
1550.04
1144.05
733.84
1120.14
1649.49
452.1
652.26
1647.85
1741.27
1246.46
1922.54
1604.8
1725.58
1568.16
1610.68
1619.1
1399.88
1788.53
1599.76
1245.78
740.99
1035.08
1122.69
1520.4
580.24
1574.97
1901.88
1757.36
1385.56
1461.24
918.26
1749.52
2100.38
1367.83
1204.91
1803.34
1198.52
1271.1
1405.16
1692.63
933.18
1186.34
1804.56
1822.93
1860.47
1382.74
1539.75
1734.87
1633.37
1898.03
1795.2
1643.5
1702.12
1371.66
1809.92
1372.55
1524.25
1374.49
1460.94
1418.09
1525.91
944.51
606.76
1645.16
1609.61
1214.98
1137.86
1067.67
1516.49
1225.82
568.97
685.57
1589.24
1750.15
1474.95
1426.49
1950.1
1940.61
1955.46
1283.45
1598.98
1027.43
1365.91
1012.33
1765.51
608.82
1641.4
1088.05
1764.4
1880.71
1352.43
1641.91
1028.07
1528.87
1765.18
548.71
1341.29
1289.46
1511.64
1473.59
1526.68
703.37
1401.58
1584.7
261.75
779.82
1926.84
1578.74
875.77
1127.63
1737.97
677.33
674.06
1782.56
1727.13
1668.21
1852.88
1892.95
1296.71
1541.76
1184.21
1749.86
1738.83
1592.9
1587.27
2050.48
628.77
1759.42
1263.02
1522.32
1547.78
844.73
1306.26
1556.44
1451.37
852.44
1447.73
1940.11
1590.02
881.02
1467.7
1426.02
1645.8
1911.57
1860.11
602.7
298.78
847.58
1653.74
1781.84
1838.36
1622.59
1493.82
1763.87
1728.49
1765.04
588.6
1837.62
1850.84
1475.48
1766.14
1941.44
1284.6
1877.31
1423.8
1143.38
1391.22
963.77
1660.99
1571.49
1709.41
1133.78
1538.24
278.21
1861.99
1451.78
1357.23
564.03
881.17
1904.79
1649.35
1715.02
944.71
1805.11
1412.43
797.61
1895.41
1302.0
917.44
722.72
1253.71
1837.75
1941.62
1359.33
534.24
1077.97
1084.43
1049.41
1674.64
1227.77
1403.58
1353.44
1505.65
1287.08
1835.05
833.27
1400.06
1834.07
1649.25
430.73
1885.8
1414.97
2045.94
1823.24
884.17
1101.7
602.08
1731.85
1701.01
746.98
1067.0
1847.48
594.75
1035.38
869.34
1681.92
1565.31
2054.45
976.06
1076.94
1173.59
1526.6
1837.6
657.56
1853.62
1411.55
1476.81
706.74
1673.65
1579.67
1879.15
1784.17
635.07
1554.4
1158.87
1878.75
1341.55
1577.9
1661.87
726.93
1138.38
965.73
898.8
1359.33
1504.82
1722.95
1440.73
1501.33
1428.49
1259.64
1365.43
1486.74
1951.49
1034.58
1845.85
1598.37
1701.44
1442.74
994.88
1489.04
1955.54
1747.27
880.03
1550.71
1464.25
1898.41
1620.46
1673.57
1817.65
1369.69
1585.38
1532.37
1824.9
1132.38
1527.87
916.22
1724.33
1814.88
512.11
1644.42
1825.47
1868.64
1371.91
1335.38
772.94
1204.22
1835.93
1058.03
1684.97
1203.6
753.94
1397.89
1587.49
1336.25
1925.75
1276.03
385.14
858.3
1693.28
2025.88
1702.84
1634.01
1978.91
1330.3
1595.9
1787.77
1666.82
1323.25
1502.28
1462.95
1577.15
1010.81
1599.99
1510.5
1177.76
878.86
571.65
1795.78
1246.71
1574.36
825.15
1146.73
1461.44
1691.52
1026.11
1349.58
1709.98
735.16
1849.09
1048.71
787.6
1693.3
1076.75
1672.3
1890.05
1118.03
1734.98
1998.71
1879.29
717.5
399.8
910.32
1551.38
1770.34
555.16
1815.88
1780.28
1246.69
1629.68
827.47
630.03
1660.07
781.03
169.87
1303.64
1736.33
1664.18
1604.03
1891.17
1671.94
1989.4
1670.89
1375.94
1375.7
1669.45
900.36
1445.28
1577.59
1805.64
1237.99
1695.52
1233.73
1612.86
1605.79
1456.8
1430.35
1167.89
1884.09
1063.56
1750.88
2064.09
723.39
1871.16
158.82
1879.76
1307.65
1677.77
1730.17
1092.13
1912.13
1953.35
1560.09
1520.27
569.35
1537.56
1748.1
1519.14
1345.28
1817.31
1019.88
1872.18
1704.91
1296.01
299.3
1878.32
461.55
341.39
1244.01
918.8
1843.08
1716.01
1506.3
1881.15
1661.63
1474.6
1557.2
1077.11
829.97
1948.9
1221.69
1621.65
1280.69
1512.6
1750.6
1660.95
1515.11
666.3
1472.34
1490.29
1909.35
1021.07
597.62
1218.72
1055.63
1333.35
990.81
1723.19
1570.66
1775.03
885.99
1825.47
716.36
1998.95
1926.89
1550.22
1171.49
1518.12
867.36
2000.22
1358.5
891.91
1647.14
981.24
871.33
590.95
960.82
516.26
1845.93
1833.17
1630.99
1362.34
1217.8
544.31
1629.95
1938.78
1164.71
419.23
1577.07
1563.24
548.54
1435.77
777.69
970.17
1257.49
2010.95
953.03
490.97
1253.35
1902.08
1497.48
1905.38
1842.13
1317.23
1590.39
1838.84
1298.0
846.29
1058.24
1697.81
1332.26
1609.65
996.28
1562.23
1956.57
1639.84
1129.99
1799.51
1918.71
1379.29
1720.66
1481.13
941.03
1842.55
1339.48
1295.72
1458.62
1774.01
1474.01
544.2
1463.83
865.9
998.86
201.51
1615.91
1780.24
1770.86
1251.03
1392.53
1752.89
1829.55
1662.07
1128.21
1439.82
642.26
1787.69
1831.03
1118.03
1744.52
1270.93
1723.7
1910.55
1650.4
680.47
884.59
1522.77
1786.71
1543.07
1169.33
1475.82
1355.73
1159.91
1840.16
1581.04
1848.32
1596.1
961.65
1880.67
1474.29
1706.66
955.78
1529.51
979.75
938.32
1449.13
1666.09
1563.83
1548.32
1813.38
1256.06
753.62
916.42
1779.41
1738.68
1723.0
1358.05
1129.04
1311.8
689.26
1986.53
1128.28
1970.61
976.7
1585.42
556.15
1461.75
1185.93
898.73
413.31
1642.11
1745.05
661.83
1151.37
2049.43
1805.91
1201.75
1839.81
1547.22
1547.52
1673.62
1523.28
2066.04
1028.02
697.33
2006.73
1563.93
1626.64
1851.49
2168.14
1523.08
1605.38
1614.46
1411.62
1246.07
1328.44
1269.5
1608.59
1446.81
1960.7
1551.58
1523.33
1693.42
1684.54
1259.57
1866.6
1051.22
1412.96
1413.23
1603.51
2002.06
577.66
1096.05
1371.49
1988.56
1793.9
1121.44
1929.1
1671.13
1651.58
1824.34
874.72
878.43
1775.77
377.45
1861.3
1890.84
1894.23
1708.35
1466.63
1565.18
1464.93
1740.49
180.65
1633.49
1212.13
1201.19
1801.79
1388.72
1219.81
1539.5
1643.46
1670.48
1467.96
1600.79
1289.58
1792.01
888.35
1392.96
1206.61
1131.69
709.52
637.53
838.17
1698.76
537.62
1542.03
801.12
1576.92
1862.72
1882.97
1551.46
1898.06
1469.59
1389.17
1717.4
1829.25
1092.62
487.08
1202.8
1757.25
1625.02
1828.63
1855.7
615.76
472.7
1790.39
1146.17
1765.35
961.23
1798.49
1048.36
1671.66
1241.54
1047.75
1336.23
1332.49
1923.87
1221.38
1966.93
1483.37
1576.03
1608.26
1625.93
1854.84
1670.03
1537.16
1232.3
2063.75
1141.43
712.28
1572.5
1348.21
1567.42
850.06
1253.34
1152.64
1653.12
1631.15
1830.85
1320.09
1470.69
1528.83
540.59
1682.33
1546.69
1869.5
1943.12
587.2
455.4
1614.78
1872.19
1149.09
1859.56
814.92
1221.58
1406.73
762.78
2068.91
1369.64
1052.55
1827.38
1908.83
1467.37
1021.09
800.65
1485.13
1552.45
1818.39
1520.57
1666.53
1642.34
1009.73
1873.42
1649.17
1487.08
1850.57
301.91
1707.78
1346.24
1688.08
537.36
678.79
1907.79
1860.61
1226.9
892.84
1473.39
1793.83
1665.94
1341.25
1657.81
1591.69
1236.93
1653.42
1636.8
1606.99
1064.41
1313.75
888.56
1771.85
1992.28
1574.11
1921.65
2114.85
1855.47
1610.78
1636.32
675.43
810.76
1472.42
741.78
1522.89
1424.03
1906.28
1008.78
1848.61
1578.11
1616.92
1729.02
1459.59
1756.53
425.72
981.42
571.39
1395.84
758.3
1829.03
1773.47
2057.14
1581.31
1250.32
1121.94
452.03
936.02
1731.16
1593.25
1647.64
1006.48
843.85
1343.72
1310.24
1578.01
969.7
845.71
1616.56
1462.23
1886.35
901.9
1358.57
547.05
716.25
1779.19
1414.15
1811.23
1453.86
1674.1
1543.17
1788.76
1872.4
1257.08
1915.88
1440.69
1644.28
944.95
1418.54
1676.98
367.51
1910.55
1879.23
1127.71
1460.43
1016.68
1675.48
1159.93
1566.43
1467.21
1515.22
611.2
1743.52
1627.72
1609.01
900.44
1076.26
1896.5
655.51
1812.89
1931.48
955.89
1372.64
1963.53
1579.77
860.3
1724.43
1161.47
1245.86
1392.5
1809.42
972.57
1342.57
1960.55
1630.67
1237.8
1634.82
1710.11
1353.87
960.86
1551.96
1171.47
699.82
1198.78
1420.56
366.49
1648.47
417.94
1556.81
1244.78
1706.76
1780.04
1854.06
1494.01
1561.74
395.01
838.99
1565.72
1860.76
1174.78
1609.67
1852.33
1555.65
1404.88
1611.81
1213.2
1558.21
404.03
2161.7
1382.23
909.15
776.54
570.66
1873.18
1376.07
1420.28
1971.28
1851.01
1282.22
1603.01
1559.34
1029.31
1887.69
1599.97
1597.42
1660.0
1509.62
2022.61
1479.66
1743.13
962.66
901.24
1703.19
1919.05
1331.83
972.39
2015.49
1407.3
1663.96
1664.14
1595.96
1469.24
1187.79
1528.3
1322.18
1901.67
1260.89
1718.26
1698.57
1629.76
2103.37
1345.06
1407.99
1616.69
1638.66
1366.55
899.18
1097.41
1620.47
1502.32
1837.42
1586.87
1288.16
957.79
1212.06
982.15
1863.35
1536.78
1220.12
1804.66
1334.16
1735.79
1990.66
1839.74
1592.9
1599.98
1610.02
1193.67
473.47
1640.04
2011.0
1763.82
1731.64
2171.75
1660.97
1787.15
1319.89
981.78
1346.57
1698.39
1639.2
1671.98
1207.29
1696.76
1635.05
898.36
1882.04
1447.63
1898.67
2115.05
1290.67
863.56
1530.83
1782.79
1792.18
1709.08
1028.05
2007.17
1798.12
1915.53
1320.6
1670.85
1981.39
389.37
596.03
1360.18
929.73
1456.48
1139.45
1806.36
1090.79
1239.16
1199.64
1231.97
1806.22
1683.26
1312.52
1180.9
1718.2
1670.89
1448.02
939.1
1926.09
1504.22
1461.49
1304.48
1545.0
1742.53
1291.07
1143.89
424.48
940.02
1558.74
830.84
1490.56
1514.85
1576.74
2035.84
1871.83
1784.15
1589.09
1679.73
1476.95
1918.93
1450.45
1661.59
1821.38
1925.89
1296.86
1773.97
1578.15
1609.89
1772.56
1033.36
1176.17
2043.91
1922.24
1318.44
934.64
1641.07
2003.22
1570.35
1659.71
1614.43
1897.35
951.6
1769.39
662.37
1305.08
1631.68
690.6
1464.85
1641.06
1901.19
1814.67
1747.87
1088.85
1123.96
1384.06
1894.48
1824.29
1517.64
1872.51
1329.89
911.71
1662.5
1219.87
1565.0
1149.61
1462.85
1800.41
1896.95
2009.45
1475.05
917.29
1806.31
1147.51
1624.35
1367.83
1674.28
1212.6
1013.42
1240.25
1621.46
1370.28
1629.69
1009.71
1669.4
1701.1
1750.82
1979.19
1792.42
443.67
1421.99
1146.34
1383.72
2100.73
809.99
1630.15
1877.69
1084.17
1311.83
1853.78
1854.07
1540.33
1633.83
581.8
840.11
1183.62
1546.15
1580.98
1553.53
1672.56
1576.48
1545.6
1646.88
772.1
1610.71
1782.99
1937.66
1938.76
1795.66
1546.27
900.12
999.23
1698.02
865.21
1417.96
1581.64
1681.14
891.52
1738.14
1939.68
912.86
1771.19
879.65
996.8
1753.81
1297.37
1790.88
1811.45
1661.1
970.97
1589.0
954.94
1416.34
1682.78
1183.95
1756.42
1513.43
1032.96
846.35
1503.75
988.94
1877.67
1325.83
1270.74
1705.9
1419.52
793.42
1208.3
1540.11
932.46
594.79
722.78
456.46
1379.42
1739.08
579.77
1598.63
1581.41
1678.88
1605.98
1910.69
1904.24
844.61
1433.4
2071.96
1530.38
1707.69
1327.73
1403.26
1719.7
1351.01
1345.14
970.28
1567.53
1667.4
1481.64
1242.73
1661.71
702.09
1082.62
999.71
1664.72
1085.63
1395.59
915.5
964.44
1419.99
996.35
855.84
413.21
1693.95
950.23
821.78
1928.26
804.23
2013.49
1303.06
1601.83
1794.21
1301.78
869.45
1795.62
1823.8
1756.07
653.25
1011.52
1013.33
1631.43
470.22
1491.37
1713.68
1453.17
1931.67
1146.83
1096.49
1676.97
1579.26
1953.1
1868.44
1513.49
1650.94
1730.52
672.7
1596.03
974.91
1767.55
1018.45
289.64
814.17
1303.87
1706.94
1828.34
939.58
1416.77
1390.47
831.54
1363.41
1612.75
1483.35
1615.72
1894.57
802.47
1636.71
731.56
1863.76
1036.93
1309.7
1002.88
1997.54
1327.17
1310.09
1898.64
1636.42
1280.7
1901.61
1668.52
1551.56
2009.29
1656.88
1041.02
1565.78
1511.04
1603.98
1128.18
1715.47
1184.8
1642.77
1706.69
1887.76
1907.15
2138.74
2098.85
665.82
1557.91
1746.41
1489.13
685.55
750.42
1122.16
2004.74
1369.75
1370.54
1811.56
826.58
1619.8
1623.09
1734.59
473.27
934.67
1699.17
1659.36
832.79
1151.74
1881.2
1774.9
1705.54
1836.92
1389.93
521.33
1928.63
1525.25
1228.37
2112.02
1402.12
1798.25
1223.37
1715.48
1719.93
1825.64
1743.69
852.84
1624.29
1338.83
1706.43
1925.64
1476.26
1722.44
1413.33
1776.36
770.18
742.18
1121.3
1334.46
1811.63
1110.95
1903.06
1354.67
1440.23
1483.93
1507.7
1360.77
1218.84
1907.67
1910.1
1248.67
811.37
1106.88
1463.39
2078.3
892.29
1774.96
1333.97
2053.19
1423.75
1972.87
676.36
1520.07
1414.75
1087.77
1487.5
1145.62
933.8
1574.96
1226.94
1694.63
1615.81
1579.3
1702.63
1432.38
1507.97
1362.31
2174.76
1562.91
1549.81
1073.83
1211.72
1788.04
1559.67
1570.83
702.89
1463.7
1799.16
1603.49
1798.38
1997.7
834.64
1443.01
1721.2
1584.17
989.98
1910.37
672.33
1561.45
1660.14
1446.81
1298.12
782.99
1152.46
1755.9
954.81
1572.07
1732.46
1500.05
1685.5
1225.17
1871.76
1596.64
1612.69
1754.98
407.8
1303.56
1158.18
1699.0
1854.42
501.46
1330.47
1380.43
1700.56
1923.58
1295.72
1843.77
1868.29
1084.27
1592.02
1924.49
1595.08
1556.71
1466.79
1161.57
1888.97
1364.54
1310.61
1445.81
1833.74
1459.22
695.28
1474.5
1926.98
918.68
1463.99
1629.12
1462.91
1450.09
844.41
766.84
1799.02
1648.07
1252.82
1271.93
1862.3
1548.3
1863.02
599.6
1490.11
724.16
1198.38
1463.34
850.45
842.2
1517.08
673.42
1838.87
1386.61
1298.94
1904.85
1328.83
1578.38
1503.39
1369.68
1299.53
1412.55
1361.78
1560.08
907.74
683.36
987.59
554.24
2050.15
1765.63
1300.03
1239.05
467.81
1061.51
1404.64
1338.57
1123.2
2120.5
1329.36
1393.53
1485.8
1842.31
1796.34
1684.53
1853.73
1272.39
1717.2
1900.56
1478.59
1616.53
1686.09
741.92
1691.28
1304.95
1075.56
1836.53
1933.5
1836.06
1182.7
1635.15
822.15
853.87
1824.61
1250.98
1773.11
444.46
1411.18
1797.75
988.15
1609.79
1760.7
1874.72
294.2
1392.12
2011.16
1956.22
833.58
1366.8
1598.2
1858.97
1709.09
1993.3
1392.48
1601.69
712.85
1552.6
1107.06
811.27
1455.28
232.4
1867.93
667.55
696.39
1572.08
1314.79
2040.51
1274.0
1960.09
1923.99
884.92
1971.13
1602.82
1993.13
719.97
602.39
1641.7
1730.39
1625.23
563.49
1680.12
2112.45
1116.71
1214.05
716.24
1732.09
1820.8
1710.33
2059.29
1653.07
1558.57
521.05
1123.14
1683.13
2014.1
1758.86
1776.46
715.87
1652.72
1414.16
1884.47
1330.53
1369.68
1617.61
1793.71
781.5
1835.28
1388.23
1553.79
1807.42
1402.99
1282.9
1470.06
1997.65
816.62
930.9
1917.51
1675.32
648.62
1585.19
1553.76
1563.08
1844.81
1840.81
1348.52
880.56
1693.26
1523.58
1625.12
838.13
1436.75
970.77
1438.34
1357.82
1537.33
1915.97
1650.45
1023.63
1607.54
1582.81
1185.0
1391.01
1846.69
1762.09
1614.96
1725.51
1619.49
1957.62
1699.31
1905.85
1782.01
1129.56
1433.22
1596.22
1201.35
1738.39
1715.81
1813.51
1511.18
1666.72
1913.27
592.02
1339.87
637.25
1676.19
1635.76
1648.02
1342.5
654.34
1388.79
1424.86
1373.27
1228.98
1798.8
1824.57
1195.21
1840.88
608.78
1520.0
930.71
1498.31
1180.97
1031.57
1660.55
1520.61
1151.12
630.68
1500.03
1462.34
1461.19
1744.37
1729.41
1521.46
1717.5
1766.06
1585.7
1467.34
1371.1
1283.63
1431.34
2024.8
834.57
959.62
1878.67
668.3
1916.64
1557.06
1456.99
1385.68
1752.95
1367.4
1822.18
1775.56
1033.9
1805.75
1161.46
681.69
1285.2
891.28
1788.14
1832.06
1569.48
1443.51
1700.7
337.36
1702.64
1182.31
1140.51
1826.97
1138.29
892.64
1766.29
884.04
1343.26
1742.47
688.27
1454.46
629.3
698.82
1334.51
1709.58
1226.94
1606.06
1630.16
1104.83
1841.44
1636.73
1664.71
1700.88
1422.63
1581.58
720.77
1745.29
1886.7
757.84
693.57
982.49
1735.56
1846.36
1140.9
2019.33
1329.69
1238.42
1981.31
1204.72
1939.33
836.4
1451.12
1485.2
907.63
1835.72
1316.82
1235.89
1766.39
1408.28
996.25
1747.12
2041.46
1606.48
1653.96
1159.16
1026.77
1280.15
1585.8
1318.07
1974.15
1597.91
1342.56
1237.31
842.37
1733.42
1658.97
1282.63
1491.92
1837.27
2134.98
733.85
1734.43
1644.37
799.23
330.73
1563.83
1423.02
1341.01
1141.03
818.78
1685.27
1805.21
1443.39
1692.09
1646.88
1416.22
988.23
1580.34
994.9
1173.86
1565.03
1128.92
1074.84
709.21
1024.49
1820.41
2054.81
1738.31
1892.2
1202.76
1643.6
1594.59
1178.33
1360.64
1862.45
1205.79
1728.98
1618.24
2025.25
1536.82
1415.09
1405.91
1936.03
965.11
844.6
1423.4
1534.48
955.18
1024.74
1214.09
1168.61
1758.35
1429.57
1345.3
1763.96
1578.26
1627.36
296.36
382.83
1917.47
1744.92
1000.32
1924.0
785.45
1091.43
682.78
1661.59
1194.69
1996.83
822.02
1599.71
1430.14
646.08
1847.7
1137.69
642.35
1321.23
1671.3
1648.05
1297.08
1932.75
1500.24
638.16
1858.78
2054.35
1358.45
1897.21
1305.52
2125.74
1246.92
1858.0
980.09
1446.18
896.88
1222.64
1576.15
1570.08
1284.35
1540.46
662.51
772.67
1469.34
1254.64
1916.42
1926.7
1602.78
749.79
1409.47
1116.33
836.21
1606.56
822.97
1529.48
1393.41
1420.56
1429.43
1764.29
920.44
929.18
1847.28
1377.42
1886.54
947.66
897.63
1870.09
1032.39
1337.1
1748.4
1570.88
1317.54
225.44
1841.23
1281.33
1877.36
1411.32
1529.63
1223.82
2018.67
1732.93
1697.9
1643.21
1812.14
773.37
1928.37
1562.27
1450.72
1804.02
1785.57
1541.28
1360.62
1909.2
1742.27
1105.7
1699.24
1411.87
904.26
760.53
1530.65
1999.93
1103.24
660.76
1593.09
696.24
1648.03
1315.23
1163.12
1478.9
1538.08
1533.5
1056.08
1717.93
1167.4
1167.98
1089.61
1541.8
1484.56
1562.58
1101.05
1244.29
901.27
1864.5
1267.56
1618.82
1187.6
2097.83
1813.21
1242.21
1840.65
1254.09
1733.99
1540.17
1284.02
1458.18
1649.98
1288.96
624.85
1655.84
1434.96
956.95
2022.8
1236.54
1799.05
1081.71
1563.13
1158.57
1956.29
1562.17
1889.65
1691.2
1668.16
1739.72
801.24
1553.25
709.55
1363.23
1122.86
1218.55
1172.63
1940.33
1816.62
1522.69
1219.15
926.47
1612.32
2100.52
1750.36
640.7
1200.98
960.38
1525.53
1455.05
1586.92
1672.46
1511.14
217.45
1506.17
1759.99
1456.98
1566.42
1012.1
1903.21
1763.78
1096.66
496.58
2113.09
1090.96
1771.88
1649.77
1373.66
1976.96
1429.94
1736.88
1866.51
419.11
1343.47
223.39
1735.61
814.79
875.13
1785.13
1828.36
832.33
1413.78
1638.46
2024.53
1814.98
312.04
1566.78
1115.17
1870.86
1290.66
1981.81
1869.04
1997.19
1473.96
1787.77
1233.55
1475.14
658.65
1733.03
1523.25
952.86
1135.92
1686.94
1334.18
1823.25
308.97
1703.83
1658.36
1038.62
1088.43
732.8
1523.13
1130.01
1152.81
1321.34
1111.89
1546.6
1419.02
998.77
1482.61
1580.75
1464.99
1485.59
1439.21
1704.07
1887.7
1143.26
1258.33
912.55
1564.36
850.94
628.1
1319.58
849.58
1919.96
1401.14
934.69
1817.28
1118.19
1976.6
1345.38
1079.82
1394.6
777.97
1291.66
1301.53
1365.88
1775.7
841.34
1305.34
1441.94
1810.23
566.49
1413.63
1337.45
932.06
1834.88
1876.05
1118.98
1387.01
1233.62
1685.1
1717.47
1340.66
1316.42
714.88
1987.13
1210.48
1854.48
1120.48
963.68
1971.03
1467.63
1563.98
1183.33
1631.8
1566.77
1340.86
1289.19
841.7
1362.67
1372.64
1419.86
1406.64
714.46
1357.91
1066.72
1317.66
1437.5
1638.26
1851.69
1598.56
1275.18
1923.26
982.95
1573.17
1141.29
1793.72
1183.77
1275.58
1551.91
1630.31
1655.46
808.35
1154.14
1982.52
1818.77
1761.33
1381.02
1873.32
1767.13
1875.51
1584.24
1487.75
1516.62
1858.37
1549.43
1263.29
1453.48
1492.78
1289.41
713.6
1050.5
1824.43
1292.08
1625.34
1941.59
1800.4
1526.09
834.69
1535.0
1856.16
403.76
1430.25
1426.53
1590.71
1553.6
1116.28
1355.11
797.18
594.48
1380.94
1795.38
1896.78
1833.8
1804.78
1426.74
1701.61
1825.47
1847.12
856.43
1747.94
481.55
851.61
1084.77
1424.24
992.56
1588.08
1169.37
1553.26
1691.56
1802.74
1357.77
1440.34
1713.38
1294.96
1690.7
1876.56
1717.71
874.73
1271.16
1692.25
1319.3
1349.59
810.02
860.41
1577.05
1809.22
944.4
803.15
1189.68
1722.54
1376.03
1372.02
913.9
1839.24
1621.68
1607.0
1632.56
1342.58
1285.73
651.06
1308.17
893.28
880.85
1782.92
1973.84
1299.12
1977.54
998.76
1327.99
980.24
911.15
1086.12
1293.4
1468.51
1435.48
801.56
1504.47
1830.34
1401.05
1338.86
1719.74
1683.75
1880.28
1310.89
1032.62
1500.37
1751.71
1276.03
1320.74
1587.71
1113.89
465.0
1882.6
1630.44
797.89
1113.37
1275.38
966.02
1642.55
1530.24
1241.87
1224.72
1746.13
1631.56
1664.17
1809.64
1433.64
1451.74
1698.99
1813.09
1724.0
1868.5
1806.02
1665.84
1741.08
1177.77
1426.4
1223.72
1295.68
1772.75
1318.05
1205.72
1719.76
694.98
1785.27
1171.62
992.33
1065.05
1950.89
1653.33
1461.23
1652.48
1410.22
1508.01
874.92
1396.84
982.94
1482.86
1660.74
1014.96
1308.0
1457.95
966.3
1271.41
926.99
1580.13
1803.16
1008.36
1123.74
689.48
1574.03
600.13
1099.56
815.45
1470.56
1610.28
1901.75
2062.75
1354.36
1957.44
793.81
906.88
1859.92
1621.61
1381.0
1378.25
1567.19
1279.8
1964.14
1605.34
958.19
1896.49
2080.87
1960.57
1611.87
1515.95
754.2
1646.04
1259.51
1564.37
1475.15
950.0
483.68
1994.33
1417.21
809.65
1426.48
1641.06
1200.46
1642.94
1880.69
985.35
775.24
1387.12
1676.6
721.63
687.95
581.03
1742.7
1685.88
1405.54
1914.8
1329.61
1956.24
1632.9
1409.89
1657.86
1961.86
1669.85
1369.89
1571.01
885.44
712.15
1576.51
1530.82
1644.03
1663.07
1014.74
1826.64
1819.71
1763.84
1877.73
1688.21
1675.87
1423.73
2133.69
1803.44
1219.69
775.71
743.8
1790.63
972.1
1666.89
1672.62
1506.46
1040.33
1400.67
1364.43
1548.32
756.69
1363.38
1771.42
803.42
1748.72
1115.88
1639.64
1496.81
1228.58
852.29
1609.38
1446.25
1459.49
1521.88
1205.82
1784.58
1365.2
1517.91
1395.09
1909.45
925.05
1795.34
1708.56
1676.54
583.21
605.68
1856.54
974.44
781.13
1583.21
1046.52
1623.26
1776.24
1561.33
1781.34
1751.09
1561.81
1875.97
1820.63
1184.53
1539.3
1451.25
1427.19
1179.81
1069.34
1554.94
1401.87
1268.23
1519.7
1633.93
1256.69
1530.15
1780.91
545.36
723.09
1788.7
1416.84
1437.07
1739.85
1553.24
1260.54
1014.84
1699.73
1385.22
983.97
1926.87
1510.69
1887.83
1528.37
1713.8
1034.63
1464.68
1664.28
1736.6
2057.02
940.64
588.97
1332.27
1488.92
918.98
735.88
1855.56
1175.34
1861.17
1179.26
1680.32
1849.94
1717.39
993.65
1466.16
1741.86
1148.68
680.2
577.48
1264.83
1834.64
1729.5
712.68
1419.35
1450.98
1711.24
1475.05
1920.54
1981.38
1819.92
1472.73
1990.91
956.23
1128.11
450.44
1652.1
1491.87
1380.01
1560.48
1656.57
2034.2
1786.48
1764.21
1478.47
1374.86
1480.68
1667.8
1950.44
1971.49
1307.9
800.09
1724.45
1523.22
1084.46
1421.03
1341.85
1894.34
1065.03
1035.83
1287.6
451.72
1477.17
1537.93
1584.87
1346.16
1249.73
1102.74
1350.61
1067.84
586.6
1518.31
833.13
1598.14
989.12
1857.97
941.91
1845.81
1806.84
1952.76
1621.57
1900.93
1258.47
1809.69
452.76
1311.61
2094.86
1024.66
1128.46
1390.43
1585.27
425.61
1471.96
1472.84
1275.63
1855.17
1915.22
309.22
1538.44
470.75
1589.9
1335.88
1651.04
1420.06
1758.37
1985.08
515.94
137.76
1359.12
1181.53
1222.86
1338.16
826.19
1680.89
866.9
1766.56
1547.5
795.78
718.19
1264.16
1684.77
1855.04
700.61
1626.56
1541.43
1086.58
633.66
729.88
1508.17
1345.18
1138.72
1391.65
859.29
1654.68
628.56
1242.92
1620.01
1632.93
1923.19
1748.25
1391.43
775.21
1707.02
725.2
1523.27
1105.91
1583.24
1308.71
1306.85
1443.82
1488.05
1485.77
1562.51
1921.36
1819.9
1859.15
846.42
1810.47
1338.77
1535.9
1920.37
1591.78
1642.37
768.49
1159.04
1413.08
1886.61
1453.97
1903.84
1769.8
847.25
1561.67
1671.3
1777.28
1061.57
1104.12
787.76
1385.81
2091.71
941.52
1896.37
1481.78
1262.98
664.68
1639.6
818.95
1496.24
498.09
1097.42
1109.19
1238.06
1826.71
1973.91
846.55
1653.09
855.28
663.89
1474.92
1192.4
709.51
1474.71
1853.7
1179.96
1443.66
1202.81
1316.16
1466.51
1487.35
1127.96
1284.97
1309.78
421.28
444.39
1601.41
1191.32
1131.55
1091.08
1432.04
1128.78
892.77
1741.03
853.07
949.02
1419.11
1687.38
1575.53
1040.98
1521.71
1739.13
1744.96
1478.13
1817.04
1446.09
1569.73
1842.22
1087.21
1750.76
1448.16
1809.58
1371.82
1248.17
1669.67
1395.06
1794.44
1963.45
1934.16
1806.88
1697.95
1265.66
1570.29
1645.71
1386.01
1415.4
1056.98
1627.73
1992.43
1808.16
2011.88
1428.11
792.34
1359.31
1648.45
1642.9
1917.78
551.87
1489.81
523.79
1488.08
1974.62
1435.45
1570.28
952.4
836.15
1562.46
1391.58
1317.62
1482.27
1389.44
1899.48
1638.64
639.58
1234.93
1740.92
1299.35
1351.12
1581.86
1575.73
1055.36
713.11
526.04
1741.16
929.84
1685.99
1859.66
1563.76
1510.56
1963.67
858.31
1355.86
1445.28
1285.55
1370.83
670.75
1827.28
1661.82
1432.65
514.55
1166.99
1596.17
1524.59
1033.89
1822.44
840.64
722.46
1393.64
1278.62
1832.44
1347.22
1174.68
1954.41
1939.93
1829.55
1346.68
1122.59
575.08
1676.42
1374.31
1689.97
422.16
1735.59
1772.27
1721.16
1513.75
1784.96
989.97
696.31
1761.17
1726.19
1631.88
1315.51
1207.43
1419.07
1129.47
761.64
1852.85
1101.25
1327.54
1386.04
972.17
1062.04
1527.77
1937.18
1253.52
620.52
1411.93
1071.39
1607.66
1549.22
1326.83
1700.88
1455.48
1575.69
1938.88
1570.59
1012.39
1532.2
2105.62
1181.83
1555.95
1578.48
1118.31
1304.02
1511.31
1068.83
1532.86
847.36
1395.74
1008.52
1254.61
1547.88
625.03
1396.48
1993.56
869.05
2108.14
1043.8
1186.55
884.58
1596.45
1882.06
1499.35
1448.16
1317.12
968.04
789.88
1871.39
1200.5
1905.0
1778.37
1736.54
1024.62
1482.23
1400.92
1880.36
1222.23
1384.93
1660.73
706.98
1861.41
1792.3
1830.22
1773.34
1806.34
1098.01
1746.96
336.02
1393.5
1066.94
1330.24
749.4
2076.89
1409.57
1396.88
917.08
1910.09
930.43
178.36
944.92
1078.17
1899.54
2025.51
1811.24
1599.11
1825.89
1244.58
1629.32
960.32
1223.43
1498.35
937.05
813.05
1657.69
1203.6
717.92
1416.76
1737.62
1489.99
1651.17
1837.9
1218.33
1979.29
1654.2
1483.94
1647.48
1370.41
1357.01
695.69
1082.44
502.64
1629.51
1658.37
1722.97
1529.94
1174.15
1349.86
1310.42
549.1
1773.4
1861.93
1581.42
1862.97
1661.99
1352.83
1934.67
812.05
1126.4
838.85
1731.85
1436.1
1022.63
1216.31
1759.0
1782.24
1523.28
1328.82
748.31
1968.99
853.82
1431.98
1578.79
1217.77
1472.52
1378.44
1390.0
1153.78
955.48
1973.51
1556.36
674.58
1814.34
1346.76
1725.94
627.28
1857.48
1362.09
535.96
1182.04
1495.18
302.68
1405.88
1272.61
1395.96
1724.87
1452.72
1220.11
1852.77
2127.57
648.84
1563.8
682.46
1591.55
1500.62
1159.91
1996.85
1766.4
1723.2
1454.37
1320.16
1969.75
1168.18
1812.99
1380.8
1384.6
1256.35
1789.69
442.29
1004.41
984.05
990.1
1822.57
712.33
1053.71
1881.99
1472.45
1236.93
369.44
1314.02
1128.54
997.22
1173.31
769.42
1610.54
1619.6
1871.4
1441.74
1694.36
928.65
1645.69
1823.69
1627.85
1645.29
2060.54
1273.3
1452.75
1404.88
1265.4
2009.88
1778.1
1524.92
926.17
1795.54
804.51
1468.96
868.32
1791.6
1452.41
1226.79
1546.17
1616.95
2052.96
1658.12
191.7
1579.72
1737.61
1343.79
1035.44
1475.79
1466.7
1334.89
905.08
1890.41
1602.99
1566.63
1911.65
1941.27
1619.53
1331.5
1604.64
1599.87
1385.63
278.95
1659.67
1762.64
1443.47
1305.64
1772.68
646.19
588.56
633.79
1835.64
1299.41
